=== RAW LCAO COEFFICIENTS (C) ===
Shape: (N_atoms, N_shells, N_MOs)
[[[ 1.07661641e+00  4.74346578e-01]
  [ 8.59729230e-01  8.57103348e-01]
  [ 8.44642103e-01 -7.76744723e-01]
  [ 2.11463701e-02 -6.93117455e-02]
  [ 1.98626578e-01  2.30462566e-01]
  [ 1.96465030e-02 -8.21179710e-03]
  [ 1.15154408e-01 -7.53926635e-02]
  [ 6.82012960e-02  2.87366007e-02]
  [-1.30319567e-02  1.03514278e-02]
  [-2.90921540e-04  3.92421428e-03]
  [-4.07347502e-03 -1.21353948e-02]
  [-1.43162417e-03 -1.66587101e-03]
  [ 2.32334109e-03  6.89834962e-03]
  [-1.04819261e-03 -6.29889453e-03]
  [ 2.31072232e-02 -9.16737411e-03]
  [-1.07248814e-03  1.23101915e-03]
  [ 4.24666442e-02  2.03719996e-02]]

 [[ 4.96472567e-01  1.03561974e+00]
  [-8.71295273e-01  8.24562132e-01]
  [-7.85988271e-01  7.82509804e-01]
  [-7.90578648e-02  1.41326978e-03]
  [ 2.41923481e-01  1.95031539e-01]
  [ 1.38989799e-02 -4.36531827e-02]
  [-8.86281133e-02 -1.18426293e-01]
  [-3.76641639e-02  6.34391531e-02]
  [ 1.28129795e-02 -1.33157112e-02]
  [-4.53895191e-03  2.23683496e-03]
  [-1.60875991e-02 -5.53356297e-03]
  [-1.45361910e-03 -7.18435680e-04]
  [ 6.15792396e-03  7.26237020e-04]
  [-4.46075900e-03  5.67412842e-03]
  [-9.34743974e-03  2.50629280e-02]
  [-1.97690446e-03 -7.86017772e-05]
  [ 2.34614164e-02  4.08107787e-02]]]

=== RAW ANGULAR WEIGHTS (W) ===
Key: W_shell_0_n1_l0
Shape: (1, 2, 2, 1)
[[[[1.0766661]
   [2.2607806]]

  [[2.316949 ]
   [1.0355713]]]]

Key: W_shell_10_n3_l2
Shape: (1, 2, 2, 6)
[[[[-0.00453742 -0.01020796  0.0127296   0.00190074 -0.00326621
    -0.01647992]
   [ 0.02011784  0.02445476  0.0184349  -0.00113054  0.00039625
    -0.00448998]]

  [[ 0.02582803  0.02341529  0.0265595   0.00080428 -0.00578872
     0.00686548]
   [ 0.00633078  0.00547715  0.01126724  0.00756965 -0.0053709
     0.00328485]]]]

Key: W_shell_11_n3_l3
Shape: (1, 2, 2, 10)
[[[[ 1.75891479e-03  3.28177965e-04  6.99981395e-03 -2.88171531e-03
     1.37781305e-02 -1.96308619e-03  7.95485172e-03 -5.52613381e-03
     6.39063073e-03  3.85301944e-04]
   [-5.94898686e-03 -6.47873894e-05 -1.43299475e-02 -2.48143624e-04
    -1.24441478e-02  8.49705364e-04 -1.34443520e-02  4.78756288e-03
     9.41728009e-04  5.36782667e-03]]

  [[-2.88183917e-03 -4.24083509e-03  1.32028433e-02  7.93763250e-03
     3.53658712e-03 -3.27017950e-03  3.44694732e-03 -1.00061484e-03
    -2.44094827e-03 -2.59874435e-03]
   [-3.46407271e-03 -1.79858354e-03 -3.95459542e-03 -1.14939612e-04
    -1.58551708e-02 -3.50549608e-03 -8.98211449e-03  3.13924020e-03
    -1.80138019e-03  7.86371529e-03]]]]

Key: W_shell_12_n4_l0
Shape: (1, 2, 2, 1)
[[[[0.97814465]
   [1.007674  ]]

  [[1.0122592 ]
   [0.9809467 ]]]]

Key: W_shell_13_n4_l1
Shape: (1, 2, 2, 3)
[[[[ 0.00050666  0.00663927  0.00596527]
   [-0.00442916 -0.0011793   0.01173439]]

  [[-0.0164797   0.00064466 -0.01187371]
   [ 0.00180655 -0.00030555 -0.016353  ]]]]

Key: W_shell_14_n4_l2
Shape: (1, 2, 2, 6)
[[[[-0.04158292 -0.04041721 -0.03468449  0.00051668 -0.00037893
     0.00104139]
   [ 0.02300486  0.0228545   0.00725897  0.00210543  0.0001153
     0.01277498]]

  [[ 0.01793153  0.02058644  0.00493516 -0.00235997  0.00519715
    -0.00013152]
   [-0.03899644 -0.0375771  -0.04043713  0.00105692 -0.00202153
     0.00180192]]]]

Key: W_shell_15_n4_l3
Shape: (1, 2, 2, 10)
[[[[ 1.9455726e-03  6.2393729e-04  6.9946172e-03 -5.2226032e-03
     9.6829785e-03 -1.7674293e-04  5.7189828e-03 -7.9886811e-03
     6.6277343e-03  1.7940813e-03]
   [-4.1558174e-03  3.5666316e-03  7.1197096e-03 -6.7314077e-03
     6.6746138e-03 -7.8019057e-03  6.3062180e-03  1.8065809e-03
     6.8379735e-04 -5.7324134e-03]]

  [[-1.7047920e-03 -3.1130598e-06  1.4459314e-02  1.4280024e-04
     4.6740882e-03 -3.2103448e-03  7.0618852e-03 -3.7358792e-03
    -5.8832807e-03  2.6023507e-03]
   [ 2.4183975e-03  5.8368902e-04  3.4099689e-03 -7.4769894e-05
     7.6552881e-03  5.2841911e-03  3.5161513e-03 -1.6835531e-03
    -9.1590965e-04 -1.7184407e-03]]]]

Key: W_shell_16_n5_l0
Shape: (1, 2, 2, 1)
[[[[1.0409316]
   [1.0291982]]

  [[1.0374757]
   [1.0349296]]]]

Key: W_shell_1_n1_l1
Shape: (1, 2, 2, 3)
[[[[-3.0400255e-03  3.1518593e-04  9.0518606e-01]
   [ 1.5636119e-03  1.4811115e-03  8.4968305e-01]]

  [[ 6.2720280e-04 -6.8973360e-04  8.6574918e-01]
   [ 8.5002795e-04  1.0957001e-03 -8.3224779e-01]]]]

Key: W_shell_2_n1_l2
Shape: (1, 2, 2, 6)
[[[[-6.8237710e-01 -6.8554616e-01 -5.0921541e-01  1.7472132e-03
    -2.5701553e-03 -9.1487003e-05]
   [ 6.8258721e-01  6.8578255e-01  5.1609939e-01 -1.1836338e-03
    -6.9905812e-04  2.5952762e-04]]

  [[ 6.9593900e-01  6.9358385e-01  5.3402984e-01  2.0540245e-03
     1.7049533e-05  4.1008912e-04]
   [-6.4684176e-01 -6.4863247e-01 -4.8767284e-01  8.5974368e-04
    -1.1341948e-03 -3.2287869e-03]]]]

Key: W_shell_3_n1_l3
Shape: (1, 2, 2, 10)
[[[[ 0.0029512   0.00535269 -0.01509451 -0.0006098   0.10452685
     0.0012472   0.07227878 -0.00403516  0.00293125 -0.00541472]
   [ 0.00750108  0.00248943  0.09794291 -0.00102323  0.04467519
    -0.00116003  0.05218212  0.00151475 -0.00164339 -0.0004138 ]]

  [[ 0.00514909 -0.00123262 -0.10768135 -0.00310467 -0.02444292
     0.00219252 -0.01155814  0.00535591  0.01247328 -0.00751141]
   [ 0.00021234 -0.01696037  0.0019684  -0.02171914 -0.00049864
     0.01747601  0.00557362 -0.00449934  0.00652845  0.04552723]]]]

Key: W_shell_4_n2_l0
Shape: (1, 2, 2, 1)
[[[[1.8986635]
   [1.5611756]]

  [[1.6026294]
   [1.7929082]]]]

Key: W_shell_5_n2_l1
Shape: (1, 2, 2, 3)
[[[[ 0.01478894  0.00019315  0.06315533]
   [ 0.0023437  -0.00603702 -0.06458323]]

  [[-0.00127688 -0.00188494 -0.06137383]
   [ 0.00027002  0.00492916  0.0772104 ]]]]

Key: W_shell_6_n2_l2
Shape: (1, 2, 2, 6)
[[[[ 0.1290209   0.12972513 -0.04263559 -0.00311852  0.0034557
    -0.00482663]
   [-0.11457    -0.11215825  0.06860161 -0.00310788 -0.00213417
    -0.00491398]]

  [[-0.10435314 -0.10329717  0.07129283 -0.00505906 -0.00424558
    -0.00443451]
   [-0.12834214 -0.12367168  0.02632867  0.00391217 -0.00094961
     0.00263537]]]]

Key: W_shell_7_n2_l3
Shape: (1, 2, 2, 10)
[[[[-9.97861382e-04 -4.10498978e-05 -9.15092006e-02  1.24004006e-03
    -4.91892546e-02  2.10209237e-03 -4.82761115e-02  3.27572413e-03
     2.29381397e-03  1.74743100e-03]
   [ 1.04827359e-02  4.09287214e-03 -6.84509501e-02  6.15441380e-03
    -6.68420941e-02 -2.98905699e-03 -5.68137653e-02 -6.35478599e-03
    -6.13536104e-04 -3.31332861e-03]]

  [[-1.93203217e-03  1.24006276e-03 -4.51267138e-02  2.14137766e-03
    -7.08418414e-02  5.54031506e-03 -8.76053944e-02  2.95690564e-03
    -1.38877546e-02  1.32536842e-02]
   [ 2.22961465e-03 -5.13115153e-03  1.23434395e-01 -2.25838786e-03
     5.11011668e-02 -3.75779666e-04  5.12304641e-02 -2.25545559e-03
    -3.04480758e-03 -1.38561081e-04]]]]

Key: W_shell_8_n3_l0
Shape: (1, 2, 2, 1)
[[[[0.9741279 ]
   [0.9932101 ]]

  [[0.99822253]
   [0.9749623 ]]]]

Key: W_shell_9_n3_l1
Shape: (1, 2, 2, 3)
[[[[-0.00410544 -0.00402127  0.00496116]
   [ 0.00211317 -0.0078565  -0.01606351]]

  [[ 0.00353469  0.00372097 -0.0222448 ]
   [-0.00034755 -0.0044468   0.00312947]]]]

Key: raw_epsilon
Shape: (1, 2)
[[-0.23690403 -0.3237423 ]]

